500 12.5342 0.1
500 5.7888 0.2
500 3.58499 0.3
500 2.50624 0.4
500 1.8802 0.5
500 1.47839 0.6
500 1.1953 0.7
500 0.992595 0.8
500 0.879614 0.9
500 0.717183 1
600 25.3738 0.1
600 11.6654 0.2
600 7.19728 0.3
600 5.02247 0.4
600 3.7578 0.5
600 2.94049 0.6
600 2.37137 0.7
600 1.96635 0.8
600 1.74034 0.9
600 1.41878 1
700 58.0524 0.1
700 26.5717 0.2
700 16.3332 0.3
700 11.3632 0.4
700 8.47802 0.5
700 6.60544 0.6
700 5.32461 0.7
700 4.40616 0.8
700 3.90207 0.9
700 3.16927 1
800 141.822 0.1
800 64.7536 0.2
800 39.72 0.3
800 27.5859 0.4
800 20.5484 0.5
800 16.0201 0.6
800 12.9001 0.7
800 10.6431 0.8
800 9.41558 0.9
800 7.64212 1
900 347.908 0.1
900 159.177 0.2
900 97.8086 0.3
900 68.0289 0.4
900 50.738 0.5
900 39.6 0.6
900 31.9184 0.7
900 26.3566 0.8
900 23.3333 0.9
900 18.9517 1
